[gd_scene load_steps=19 format=3 uid="uid://m6t57nadbm7x"]

[ext_resource type="Script" path="res://script/arena/ending_scene.gd" id="1_7pmqh"]
[ext_resource type="AudioStream" uid="uid://btrmr0jsw4agp" path="res://audio/sfx/tink.wav" id="1_iibhh"]
[ext_resource type="FontFile" uid="uid://bke4sk4opv7w4" path="res://sprite/font/QuinqueFive.ttf" id="3_svekb"]

[sub_resource type="StandardMaterial3D" id="StandardMaterial3D_oe67d"]
transparency = 1
cull_mode = 2
albedo_color = Color(0.223529, 0.733333, 1, 0.556863)
metallic_specular = 0.52
metallic_texture_channel = 2
roughness = 0.62
emission_enabled = true
emission = Color(0.234, 0.234, 2, 1)
rim_enabled = true
rim = 0.33
rim_tint = 0.47
clearcoat_enabled = true

[sub_resource type="CapsuleMesh" id="CapsuleMesh_3b13m"]
material = SubResource("StandardMaterial3D_oe67d")
radial_segments = 4
rings = 0

[sub_resource type="StandardMaterial3D" id="StandardMaterial3D_g8nqw"]
albedo_color = Color(0.258824, 0.733333, 1, 1)
metallic = 0.21
metallic_specular = 0.93
roughness = 0.61
emission_enabled = true
emission = Color(0, 1, 0, 1)

[sub_resource type="CapsuleMesh" id="CapsuleMesh_urly4"]
material = SubResource("StandardMaterial3D_g8nqw")
radius = 0.25
height = 1.0
radial_segments = 4
rings = 0

[sub_resource type="StandardMaterial3D" id="StandardMaterial3D_5h8fb"]
transparency = 1
cull_mode = 2
albedo_color = Color(0, 0, 0, 0.557)
metallic_specular = 0.52
metallic_texture_channel = 2
roughness = 0.62
emission = Color(0.234, 0.234, 2, 1)
rim_enabled = true
rim = 0.33
rim_tint = 0.47
clearcoat_enabled = true

[sub_resource type="CapsuleMesh" id="CapsuleMesh_861ka"]
material = SubResource("StandardMaterial3D_5h8fb")
radial_segments = 4
rings = 0

[sub_resource type="StandardMaterial3D" id="StandardMaterial3D_552v2"]
albedo_color = Color(0, 0, 0, 1)
metallic = 0.21
metallic_specular = 0.93
roughness = 0.61
emission = Color(0, 1, 0, 1)

[sub_resource type="CapsuleMesh" id="CapsuleMesh_d4sun"]
material = SubResource("StandardMaterial3D_552v2")
radius = 0.25
height = 1.0
radial_segments = 4
rings = 0

[sub_resource type="Animation" id="Animation_74xgv"]
length = 0.001
tracks/0/type = "value"
tracks/0/imported = false
tracks/0/enabled = true
tracks/0/path = NodePath("gem_mesh:position")
tracks/0/interp = 1
tracks/0/loop_wrap = true
tracks/0/keys = {
"times": PackedFloat32Array(0),
"transitions": PackedFloat32Array(1),
"update": 0,
"values": [Vector3(0, 93, 0)]
}
tracks/1/type = "value"
tracks/1/imported = false
tracks/1/enabled = true
tracks/1/path = NodePath("gem_mesh:rotation")
tracks/1/interp = 1
tracks/1/loop_wrap = true
tracks/1/keys = {
"times": PackedFloat32Array(0),
"transitions": PackedFloat32Array(1),
"update": 0,
"values": [Vector3(0, 0, 0)]
}
tracks/2/type = "value"
tracks/2/imported = false
tracks/2/enabled = true
tracks/2/path = NodePath("tink_sound:playing")
tracks/2/interp = 1
tracks/2/loop_wrap = true
tracks/2/keys = {
"times": PackedFloat32Array(0),
"transitions": PackedFloat32Array(1),
"update": 1,
"values": [false]
}

[sub_resource type="Animation" id="Animation_w5j5s"]
resource_name = "ending_scene"
length = 10.0
step = 0.5
tracks/0/type = "value"
tracks/0/imported = false
tracks/0/enabled = true
tracks/0/path = NodePath("gem_mesh:position")
tracks/0/interp = 1
tracks/0/loop_wrap = true
tracks/0/keys = {
"times": PackedFloat32Array(0, 2),
"transitions": PackedFloat32Array(1, 1.41421),
"update": 0,
"values": [Vector3(0, 93, 0), Vector3(0, 13, 2.9)]
}
tracks/1/type = "value"
tracks/1/imported = false
tracks/1/enabled = true
tracks/1/path = NodePath("gem_mesh:rotation")
tracks/1/interp = 1
tracks/1/loop_wrap = true
tracks/1/keys = {
"times": PackedFloat32Array(0, 2),
"transitions": PackedFloat32Array(1, 2.37841),
"update": 0,
"values": [Vector3(0, 0, 0), Vector3(-0.0872665, 0, 0)]
}
tracks/2/type = "value"
tracks/2/imported = false
tracks/2/enabled = true
tracks/2/path = NodePath("tink_sound:playing")
tracks/2/interp = 1
tracks/2/loop_wrap = true
tracks/2/keys = {
"times": PackedFloat32Array(2),
"transitions": PackedFloat32Array(1),
"update": 1,
"values": [true]
}

[sub_resource type="AnimationLibrary" id="AnimationLibrary_ac2g5"]
_data = {
"RESET": SubResource("Animation_74xgv"),
"ending_scene": SubResource("Animation_w5j5s")
}

[sub_resource type="StandardMaterial3D" id="StandardMaterial3D_qwqi8"]
shading_mode = 0
albedo_color = Color(0.0588441, 0.0588441, 0.0588441, 1)

[sub_resource type="QuadMesh" id="QuadMesh_1aah6"]
size = Vector2(5, 55)

[sub_resource type="ShaderMaterial" id="ShaderMaterial_gk024"]

[sub_resource type="QuadMesh" id="QuadMesh_45u56"]
size = Vector2(3, 10)

[node name="EndingScene" type="Node3D"]
script = ExtResource("1_7pmqh")

[node name="gem_mesh" type="Node3D" parent="."]
transform = Transform3D(1, 0, 0, 0, 1, 0, 0, 0, 1, 0, 93, 0)

[node name="outer_gem" type="MeshInstance3D" parent="gem_mesh"]
transform = Transform3D(4, 0, 0, 0, 2.2943, 3.27661, 0, -3.27661, 2.2943, 0, 3.83333, 0.211325)
mesh = SubResource("CapsuleMesh_3b13m")
skeleton = NodePath("../..")

[node name="inner_gem" type="MeshInstance3D" parent="gem_mesh"]
transform = Transform3D(4, 0, 0, 0, 2.2943, 3.27661, 0, -3.27661, 2.2943, 0, 3.83333, 0.211325)
mesh = SubResource("CapsuleMesh_urly4")
skeleton = NodePath("../..")

[node name="165_corpse" type="Node3D" parent="."]
transform = Transform3D(1, 0, 0, 0, 1, 0, 0, 0, 1, -1, -1.6, 10)

[node name="33_corpses" type="Node3D" parent="165_corpse"]

[node name="dead_gem" type="Node3D" parent="165_corpse/33_corpses"]
transform = Transform3D(0.707107, -0.353553, 0.612372, 0, 0.866025, 0.5, -0.707107, -0.353553, 0.612372, 12, -2, 12)

[node name="outer_gem" type="MeshInstance3D" parent="165_corpse/33_corpses/dead_gem"]
transform = Transform3D(4, 0, 0, 0, 2.2943, 3.27661, 0, -3.27661, 2.2943, 0, 3.83333, 0.211325)
mesh = SubResource("CapsuleMesh_861ka")
skeleton = NodePath("../../../..")

[node name="inner_gem" type="MeshInstance3D" parent="165_corpse/33_corpses/dead_gem"]
transform = Transform3D(4, 0, 0, 0, 2.2943, 3.27661, 0, -3.27661, 2.2943, 0, 3.83333, 0.211325)
mesh = SubResource("CapsuleMesh_d4sun")
skeleton = NodePath("../../../..")

[node name="dead_gem2" type="Node3D" parent="165_corpse/33_corpses"]
transform = Transform3D(0.866025, 0.25, -0.433013, 0, 0.866025, 0.5, 0.5, -0.433013, 0.75, -7, -2, 11)

[node name="outer_gem" type="MeshInstance3D" parent="165_corpse/33_corpses/dead_gem2"]
transform = Transform3D(4, 0, 0, 0, 2.2943, 3.27661, 0, -3.27661, 2.2943, 0, 3.83333, 0.211325)
mesh = SubResource("CapsuleMesh_861ka")
skeleton = NodePath("../../../..")

[node name="inner_gem" type="MeshInstance3D" parent="165_corpse/33_corpses/dead_gem2"]
transform = Transform3D(4, 0, 0, 0, 2.2943, 3.27661, 0, -3.27661, 2.2943, 0, 3.83333, 0.211325)
mesh = SubResource("CapsuleMesh_d4sun")
skeleton = NodePath("../../../..")

[node name="dead_gem3" type="Node3D" parent="165_corpse/33_corpses"]
transform = Transform3D(0.56565, -0.360458, -0.741694, 0.353553, 0.918559, -0.176777, 0.74501, -0.162235, 0.647024, 10, -2, 15.4)

[node name="outer_gem" type="MeshInstance3D" parent="165_corpse/33_corpses/dead_gem3"]
transform = Transform3D(4, 0, 0, 0, 2.2943, 3.27661, 0, -3.27661, 2.2943, 0, 3.83333, 0.211325)
mesh = SubResource("CapsuleMesh_861ka")
skeleton = NodePath("../../../..")

[node name="inner_gem" type="MeshInstance3D" parent="165_corpse/33_corpses/dead_gem3"]
transform = Transform3D(4, 0, 0, 0, 2.2943, 3.27661, 0, -3.27661, 2.2943, 0, 3.83333, 0.211325)
mesh = SubResource("CapsuleMesh_d4sun")
skeleton = NodePath("../../../..")

[node name="dead_gem4" type="Node3D" parent="165_corpse/33_corpses"]
transform = Transform3D(0.902667, 0.105213, 0.417279, 0.0476997, 0.939215, -0.339999, -0.427687, 0.32681, 0.842781, 0.2, 3, 2.5)

[node name="outer_gem" type="MeshInstance3D" parent="165_corpse/33_corpses/dead_gem4"]
transform = Transform3D(4, 0, 0, 0, 2.2943, 3.27661, 0, -3.27661, 2.2943, 0, 3.83333, 0.211325)
mesh = SubResource("CapsuleMesh_861ka")
skeleton = NodePath("../../../..")

[node name="inner_gem" type="MeshInstance3D" parent="165_corpse/33_corpses/dead_gem4"]
transform = Transform3D(4, 0, 0, 0, 2.2943, 3.27661, 0, -3.27661, 2.2943, 0, 3.83333, 0.211325)
mesh = SubResource("CapsuleMesh_d4sun")
skeleton = NodePath("../../../..")

[node name="dead_gem22" type="Node3D" parent="165_corpse/33_corpses"]
transform = Transform3D(-0.940703, 0.156693, 0.300875, 0.0476997, 0.939215, -0.339999, -0.335862, -0.305486, -0.890997, 1.2, 3, 0.499999)

[node name="outer_gem" type="MeshInstance3D" parent="165_corpse/33_corpses/dead_gem22"]
transform = Transform3D(4, 0, 0, 0, 2.2943, 3.27661, 0, -3.27661, 2.2943, 0, 3.83333, 0.211325)
mesh = SubResource("CapsuleMesh_861ka")
skeleton = NodePath("../../../..")

[node name="inner_gem" type="MeshInstance3D" parent="165_corpse/33_corpses/dead_gem22"]
transform = Transform3D(4, 0, 0, 0, 2.2943, 3.27661, 0, -3.27661, 2.2943, 0, 3.83333, 0.211325)
mesh = SubResource("CapsuleMesh_d4sun")
skeleton = NodePath("../../../..")

[node name="dead_gem23" type="Node3D" parent="165_corpse/33_corpses"]
transform = Transform3D(0.0462512, -0.178942, 0.982772, 0.081782, 0.9812, 0.174807, -0.995576, 0.0722879, 0.060016, 6.2, 3, 2.5)

[node name="outer_gem" type="MeshInstance3D" parent="165_corpse/33_corpses/dead_gem23"]
transform = Transform3D(4, 0, 0, 0, 2.2943, 3.27661, 0, -3.27661, 2.2943, 0, 3.83333, 0.211325)
mesh = SubResource("CapsuleMesh_861ka")
skeleton = NodePath("../../../..")

[node name="inner_gem" type="MeshInstance3D" parent="165_corpse/33_corpses/dead_gem23"]
transform = Transform3D(4, 0, 0, 0, 2.2943, 3.27661, 0, -3.27661, 2.2943, 0, 3.83333, 0.211325)
mesh = SubResource("CapsuleMesh_d4sun")
skeleton = NodePath("../../../..")

[node name="dead_gem24" type="Node3D" parent="165_corpse/33_corpses"]
transform = Transform3D(0.949682, -0.0235112, -0.312331, 0.081782, 0.9812, 0.174807, 0.302349, -0.191554, 0.933752, 8.2, -1, 2.5)

[node name="outer_gem" type="MeshInstance3D" parent="165_corpse/33_corpses/dead_gem24"]
transform = Transform3D(4, 0, 0, 0, 2.2943, 3.27661, 0, -3.27661, 2.2943, 0, 3.83333, 0.211325)
mesh = SubResource("CapsuleMesh_861ka")
skeleton = NodePath("../../../..")

[node name="inner_gem" type="MeshInstance3D" parent="165_corpse/33_corpses/dead_gem24"]
transform = Transform3D(4, 0, 0, 0, 2.2943, 3.27661, 0, -3.27661, 2.2943, 0, 3.83333, 0.211325)
mesh = SubResource("CapsuleMesh_d4sun")
skeleton = NodePath("../../../..")

[node name="dead_gem25" type="Node3D" parent="165_corpse/33_corpses"]
transform = Transform3D(-0.457733, -0.118824, 0.881114, 0.081782, 0.9812, 0.174807, -0.88532, 0.152074, -0.439411, 11.2, -1, 6.5)

[node name="outer_gem" type="MeshInstance3D" parent="165_corpse/33_corpses/dead_gem25"]
transform = Transform3D(4, 0, 0, 0, 2.2943, 3.27661, 0, -3.27661, 2.2943, 0, 3.83333, 0.211325)
mesh = SubResource("CapsuleMesh_861ka")
skeleton = NodePath("../../../..")

[node name="inner_gem" type="MeshInstance3D" parent="165_corpse/33_corpses/dead_gem25"]
transform = Transform3D(4, 0, 0, 0, 2.2943, 3.27661, 0, -3.27661, 2.2943, 0, 3.83333, 0.211325)
mesh = SubResource("CapsuleMesh_d4sun")
skeleton = NodePath("../../../..")

[node name="dead_gem5" type="Node3D" parent="165_corpse/33_corpses"]
transform = Transform3D(-0.577936, 0.303575, 0.757517, 0.0476997, 0.939215, -0.339999, -0.814687, -0.160364, -0.557287, 3.2, 3, -2.5)

[node name="outer_gem" type="MeshInstance3D" parent="165_corpse/33_corpses/dead_gem5"]
transform = Transform3D(4, 0, 0, 0, 2.2943, 3.27661, 0, -3.27661, 2.2943, 0, 3.83333, 0.211325)
mesh = SubResource("CapsuleMesh_861ka")
skeleton = NodePath("../../../..")

[node name="inner_gem" type="MeshInstance3D" parent="165_corpse/33_corpses/dead_gem5"]
transform = Transform3D(4, 0, 0, 0, 2.2943, 3.27661, 0, -3.27661, 2.2943, 0, 3.83333, 0.211325)
mesh = SubResource("CapsuleMesh_d4sun")
skeleton = NodePath("../../../..")

[node name="dead_gem6" type="Node3D" parent="165_corpse/33_corpses"]
transform = Transform3D(0.12113, -0.185504, 0.975149, 0.125013, 0.977412, 0.170406, -0.984733, 0.101265, 0.141584, 3.2, 1, -0.100001)

[node name="outer_gem" type="MeshInstance3D" parent="165_corpse/33_corpses/dead_gem6"]
transform = Transform3D(4, 0, 0, 0, 2.2943, 3.27661, 0, -3.27661, 2.2943, 0, 3.83333, 0.211325)
mesh = SubResource("CapsuleMesh_861ka")
skeleton = NodePath("../../../..")

[node name="inner_gem" type="MeshInstance3D" parent="165_corpse/33_corpses/dead_gem6"]
transform = Transform3D(4, 0, 0, 0, 2.2943, 3.27661, 0, -3.27661, 2.2943, 0, 3.83333, 0.211325)
mesh = SubResource("CapsuleMesh_d4sun")
skeleton = NodePath("../../../..")

[node name="dead_gem7" type="Node3D" parent="165_corpse/33_corpses"]
transform = Transform3D(0.387465, 0.110019, -0.915296, 0.125013, 0.977412, 0.170406, 0.913369, -0.18045, 0.364959, -5.8, 1, -0.100001)

[node name="outer_gem" type="MeshInstance3D" parent="165_corpse/33_corpses/dead_gem7"]
transform = Transform3D(4, 0, 0, 0, 2.2943, 3.27661, 0, -3.27661, 2.2943, 0, 3.83333, 0.211325)
mesh = SubResource("CapsuleMesh_861ka")
skeleton = NodePath("../../../..")

[node name="inner_gem" type="MeshInstance3D" parent="165_corpse/33_corpses/dead_gem7"]
transform = Transform3D(4, 0, 0, 0, 2.2943, 3.27661, 0, -3.27661, 2.2943, 0, 3.83333, 0.211325)
mesh = SubResource("CapsuleMesh_d4sun")
skeleton = NodePath("../../../..")

[node name="dead_gem8" type="Node3D" parent="165_corpse/33_corpses"]
transform = Transform3D(0.984733, -0.101265, -0.141584, 0.125013, 0.977412, 0.170406, 0.12113, -0.185504, 0.975149, -15.8, -2, 9.9)

[node name="outer_gem" type="MeshInstance3D" parent="165_corpse/33_corpses/dead_gem8"]
transform = Transform3D(4, 0, 0, 0, 2.2943, 3.27661, 0, -3.27661, 2.2943, 0, 3.83333, 0.211325)
mesh = SubResource("CapsuleMesh_861ka")
skeleton = NodePath("../../../..")

[node name="inner_gem" type="MeshInstance3D" parent="165_corpse/33_corpses/dead_gem8"]
transform = Transform3D(4, 0, 0, 0, 2.2943, 3.27661, 0, -3.27661, 2.2943, 0, 3.83333, 0.211325)
mesh = SubResource("CapsuleMesh_d4sun")
skeleton = NodePath("../../../..")

[node name="dead_gem9" type="Node3D" parent="165_corpse/33_corpses"]
transform = Transform3D(0.646741, -0.288443, -0.706064, 0.0476997, 0.939215, -0.339999, 0.761216, 0.186212, 0.621188, -1.4, 4, 0.599999)

[node name="outer_gem" type="MeshInstance3D" parent="165_corpse/33_corpses/dead_gem9"]
transform = Transform3D(4, 0, 0, 0, 2.2943, 3.27661, 0, -3.27661, 2.2943, 0, 3.83333, 0.211325)
mesh = SubResource("CapsuleMesh_861ka")
skeleton = NodePath("../../../..")

[node name="inner_gem" type="MeshInstance3D" parent="165_corpse/33_corpses/dead_gem9"]
transform = Transform3D(4, 0, 0, 0, 2.2943, 3.27661, 0, -3.27661, 2.2943, 0, 3.83333, 0.211325)
mesh = SubResource("CapsuleMesh_d4sun")
skeleton = NodePath("../../../..")

[node name="dead_gem10" type="Node3D" parent="165_corpse/33_corpses"]
transform = Transform3D(-0.995577, 0.072288, 0.060016, 0.0817821, 0.9812, 0.174807, -0.0462513, 0.178942, -0.982772, -1.4, 2, -3.4)

[node name="outer_gem" type="MeshInstance3D" parent="165_corpse/33_corpses/dead_gem10"]
transform = Transform3D(4, 0, 0, 0, 2.2943, 3.27661, 0, -3.27661, 2.2943, 0, 3.83333, 0.211325)
mesh = SubResource("CapsuleMesh_861ka")
skeleton = NodePath("../../../..")

[node name="inner_gem" type="MeshInstance3D" parent="165_corpse/33_corpses/dead_gem10"]
transform = Transform3D(4, 0, 0, 0, 2.2943, 3.27661, 0, -3.27661, 2.2943, 0, 3.83333, 0.211325)
mesh = SubResource("CapsuleMesh_d4sun")
skeleton = NodePath("../../../..")

[node name="dead_gem11" type="Node3D" parent="165_corpse/33_corpses"]
transform = Transform3D(-0.30235, 0.191554, -0.933752, 0.0817821, 0.9812, 0.174807, 0.949682, -0.0235112, -0.312331, -7.4, -2, -8.4)

[node name="outer_gem" type="MeshInstance3D" parent="165_corpse/33_corpses/dead_gem11"]
transform = Transform3D(4, 0, 0, 0, 2.2943, 3.27661, 0, -3.27661, 2.2943, 0, 3.83333, 0.211325)
mesh = SubResource("CapsuleMesh_861ka")
skeleton = NodePath("../../../..")

[node name="inner_gem" type="MeshInstance3D" parent="165_corpse/33_corpses/dead_gem11"]
transform = Transform3D(4, 0, 0, 0, 2.2943, 3.27661, 0, -3.27661, 2.2943, 0, 3.83333, 0.211325)
mesh = SubResource("CapsuleMesh_d4sun")
skeleton = NodePath("../../../..")

[node name="dead_gem12" type="Node3D" parent="165_corpse/33_corpses"]
transform = Transform3D(-0.30235, 0.191554, -0.933752, 0.0817821, 0.9812, 0.174807, 0.949682, -0.0235112, -0.312331, -7.4, -2.38419e-07, 4.6)

[node name="outer_gem" type="MeshInstance3D" parent="165_corpse/33_corpses/dead_gem12"]
transform = Transform3D(4, 0, 0, 0, 2.2943, 3.27661, 0, -3.27661, 2.2943, 0, 3.83333, 0.211325)
mesh = SubResource("CapsuleMesh_861ka")
skeleton = NodePath("../../../..")

[node name="inner_gem" type="MeshInstance3D" parent="165_corpse/33_corpses/dead_gem12"]
transform = Transform3D(4, 0, 0, 0, 2.2943, 3.27661, 0, -3.27661, 2.2943, 0, 3.83333, 0.211325)
mesh = SubResource("CapsuleMesh_d4sun")
skeleton = NodePath("../../../..")

[node name="dead_gem26" type="Node3D" parent="165_corpse/33_corpses"]
transform = Transform3D(-0.30235, 0.191554, -0.933752, 0.0817821, 0.9812, 0.174807, 0.949682, -0.0235112, -0.312331, -8.4, -4, 0.599998)

[node name="outer_gem" type="MeshInstance3D" parent="165_corpse/33_corpses/dead_gem26"]
transform = Transform3D(4, 0, 0, 0, 2.2943, 3.27661, 0, -3.27661, 2.2943, 0, 3.83333, 0.211325)
mesh = SubResource("CapsuleMesh_861ka")
skeleton = NodePath("../../../..")

[node name="inner_gem" type="MeshInstance3D" parent="165_corpse/33_corpses/dead_gem26"]
transform = Transform3D(4, 0, 0, 0, 2.2943, 3.27661, 0, -3.27661, 2.2943, 0, 3.83333, 0.211325)
mesh = SubResource("CapsuleMesh_d4sun")
skeleton = NodePath("../../../..")

[node name="dead_gem27" type="Node3D" parent="165_corpse/33_corpses"]
transform = Transform3D(0.839069, 0.0268677, -0.543361, 0.0817821, 0.9812, 0.174807, 0.537843, -0.191112, 0.821098, -9.4, -4, 8.6)

[node name="outer_gem" type="MeshInstance3D" parent="165_corpse/33_corpses/dead_gem27"]
transform = Transform3D(4, 0, 0, 0, 2.2943, 3.27661, 0, -3.27661, 2.2943, 0, 3.83333, 0.211325)
mesh = SubResource("CapsuleMesh_861ka")
skeleton = NodePath("../../../..")

[node name="inner_gem" type="MeshInstance3D" parent="165_corpse/33_corpses/dead_gem27"]
transform = Transform3D(4, 0, 0, 0, 2.2943, 3.27661, 0, -3.27661, 2.2943, 0, 3.83333, 0.211325)
mesh = SubResource("CapsuleMesh_d4sun")
skeleton = NodePath("../../../..")

[node name="dead_gem28" type="Node3D" parent="165_corpse/33_corpses"]
transform = Transform3D(0.839069, 0.0268677, -0.543361, 0.301422, 0.808502, 0.50544, 0.452889, -0.58788, 0.67029, 3.6, -2, 2.7)

[node name="outer_gem" type="MeshInstance3D" parent="165_corpse/33_corpses/dead_gem28"]
transform = Transform3D(4, 0, 0, 0, 2.2943, 3.27661, 0, -3.27661, 2.2943, 0, 3.83333, 0.211325)
mesh = SubResource("CapsuleMesh_861ka")
skeleton = NodePath("../../../..")

[node name="inner_gem" type="MeshInstance3D" parent="165_corpse/33_corpses/dead_gem28"]
transform = Transform3D(4, 0, 0, 0, 2.2943, 3.27661, 0, -3.27661, 2.2943, 0, 3.83333, 0.211325)
mesh = SubResource("CapsuleMesh_d4sun")
skeleton = NodePath("../../../..")

[node name="dead_gem13" type="Node3D" parent="165_corpse/33_corpses"]
transform = Transform3D(0.736683, -0.177646, 0.652487, 0.0817821, 0.9812, 0.174807, -0.671274, -0.0754158, 0.737363, 5.6, -2.38419e-07, 4.6)

[node name="outer_gem" type="MeshInstance3D" parent="165_corpse/33_corpses/dead_gem13"]
transform = Transform3D(4, 0, 0, 0, 2.2943, 3.27661, 0, -3.27661, 2.2943, 0, 3.83333, 0.211325)
mesh = SubResource("CapsuleMesh_861ka")
skeleton = NodePath("../../../..")

[node name="inner_gem" type="MeshInstance3D" parent="165_corpse/33_corpses/dead_gem13"]
transform = Transform3D(4, 0, 0, 0, 2.2943, 3.27661, 0, -3.27661, 2.2943, 0, 3.83333, 0.211325)
mesh = SubResource("CapsuleMesh_d4sun")
skeleton = NodePath("../../../..")

[node name="dead_gem14" type="Node3D" parent="165_corpse/33_corpses"]
transform = Transform3D(0.973624, -0.116138, 0.196389, 0.177325, 0.926812, -0.331022, -0.143571, 0.357115, 0.922961, -1.4, 2, 4.6)

[node name="outer_gem" type="MeshInstance3D" parent="165_corpse/33_corpses/dead_gem14"]
transform = Transform3D(4, 0, 0, 0, 2.2943, 3.27661, 0, -3.27661, 2.2943, 0, 3.83333, 0.211325)
mesh = SubResource("CapsuleMesh_861ka")
skeleton = NodePath("../../../..")

[node name="inner_gem" type="MeshInstance3D" parent="165_corpse/33_corpses/dead_gem14"]
transform = Transform3D(4, 0, 0, 0, 2.2943, 3.27661, 0, -3.27661, 2.2943, 0, 3.83333, 0.211325)
mesh = SubResource("CapsuleMesh_d4sun")
skeleton = NodePath("../../../..")

[node name="dead_gem15" type="Node3D" parent="165_corpse/33_corpses"]
transform = Transform3D(-0.977607, 0.204609, 0.0491826, 0.210224, 0.960087, 0.184497, -0.0094697, 0.190705, -0.981602, 0.6, 0.4, -5.1)

[node name="outer_gem" type="MeshInstance3D" parent="165_corpse/33_corpses/dead_gem15"]
transform = Transform3D(4, 0, 0, 0, 2.2943, 3.27661, 0, -3.27661, 2.2943, 0, 3.83333, 0.211325)
mesh = SubResource("CapsuleMesh_861ka")
skeleton = NodePath("../../../..")

[node name="inner_gem" type="MeshInstance3D" parent="165_corpse/33_corpses/dead_gem15"]
transform = Transform3D(4, 0, 0, 0, 2.2943, 3.27661, 0, -3.27661, 2.2943, 0, 3.83333, 0.211325)
mesh = SubResource("CapsuleMesh_d4sun")
skeleton = NodePath("../../../..")

[node name="dead_gem16" type="Node3D" parent="165_corpse/33_corpses"]
transform = Transform3D(0.0533971, 0.0571224, 0.996939, 0.135207, 0.988756, -0.0638955, -0.989378, 0.138204, 0.0450733, 7.8, 0.2, -1.3)

[node name="outer_gem" type="MeshInstance3D" parent="165_corpse/33_corpses/dead_gem16"]
transform = Transform3D(4, 0, 0, 0, 2.2943, 3.27661, 0, -3.27661, 2.2943, 0, 3.83333, 0.211325)
mesh = SubResource("CapsuleMesh_861ka")
skeleton = NodePath("../../../..")

[node name="inner_gem" type="MeshInstance3D" parent="165_corpse/33_corpses/dead_gem16"]
transform = Transform3D(4, 0, 0, 0, 2.2943, 3.27661, 0, -3.27661, 2.2943, 0, 3.83333, 0.211325)
mesh = SubResource("CapsuleMesh_d4sun")
skeleton = NodePath("../../../..")

[node name="dead_gem29" type="Node3D" parent="165_corpse/33_corpses"]
transform = Transform3D(-0.057848, -0.658764, 0.750123, 0.133363, 0.739547, 0.659761, -0.989378, 0.138204, 0.0450733, 14.8, -1.1, 2.7)

[node name="outer_gem" type="MeshInstance3D" parent="165_corpse/33_corpses/dead_gem29"]
transform = Transform3D(4, 0, 0, 0, 2.2943, 3.27661, 0, -3.27661, 2.2943, 0, 3.83333, 0.211325)
mesh = SubResource("CapsuleMesh_861ka")
skeleton = NodePath("../../../..")

[node name="inner_gem" type="MeshInstance3D" parent="165_corpse/33_corpses/dead_gem29"]
transform = Transform3D(4, 0, 0, 0, 2.2943, 3.27661, 0, -3.27661, 2.2943, 0, 3.83333, 0.211325)
mesh = SubResource("CapsuleMesh_d4sun")
skeleton = NodePath("../../../..")

[node name="dead_gem17" type="Node3D" parent="165_corpse/33_corpses"]
transform = Transform3D(-0.0903938, -0.827726, 0.553804, 0.113847, 0.543847, 0.831426, -0.989378, 0.138204, 0.0450733, 6.8, 0.2, 8.7)

[node name="outer_gem" type="MeshInstance3D" parent="165_corpse/33_corpses/dead_gem17"]
transform = Transform3D(4, 0, 0, 0, 2.2943, 3.27661, 0, -3.27661, 2.2943, 0, 3.83333, 0.211325)
mesh = SubResource("CapsuleMesh_861ka")
skeleton = NodePath("../../../..")

[node name="inner_gem" type="MeshInstance3D" parent="165_corpse/33_corpses/dead_gem17"]
transform = Transform3D(4, 0, 0, 0, 2.2943, 3.27661, 0, -3.27661, 2.2943, 0, 3.83333, 0.211325)
mesh = SubResource("CapsuleMesh_d4sun")
skeleton = NodePath("../../../..")

[node name="dead_gem18" type="Node3D" parent="165_corpse/33_corpses"]
transform = Transform3D(-0.811629, 0.533551, -0.237868, 0.113847, 0.543847, 0.831426, 0.572972, 0.64773, -0.502145, -4.2, 0.2, 9.7)

[node name="outer_gem" type="MeshInstance3D" parent="165_corpse/33_corpses/dead_gem18"]
transform = Transform3D(4, 0, 0, 0, 2.2943, 3.27661, 0, -3.27661, 2.2943, 0, 3.83333, 0.211325)
mesh = SubResource("CapsuleMesh_861ka")
skeleton = NodePath("../../../..")

[node name="inner_gem" type="MeshInstance3D" parent="165_corpse/33_corpses/dead_gem18"]
transform = Transform3D(4, 0, 0, 0, 2.2943, 3.27661, 0, -3.27661, 2.2943, 0, 3.83333, 0.211325)
mesh = SubResource("CapsuleMesh_d4sun")
skeleton = NodePath("../../../..")

[node name="dead_gem19" type="Node3D" parent="165_corpse/33_corpses"]
transform = Transform3D(-0.708032, -0.330194, 0.62423, 0.307579, 0.651507, 0.693494, -0.635678, 0.683016, -0.359727, 4.8, -0.5, 11.6)

[node name="outer_gem" type="MeshInstance3D" parent="165_corpse/33_corpses/dead_gem19"]
transform = Transform3D(4, 0, 0, 0, 2.2943, 3.27661, 0, -3.27661, 2.2943, 0, 3.83333, 0.211325)
mesh = SubResource("CapsuleMesh_861ka")
skeleton = NodePath("../../../..")

[node name="inner_gem" type="MeshInstance3D" parent="165_corpse/33_corpses/dead_gem19"]
transform = Transform3D(4, 0, 0, 0, 2.2943, 3.27661, 0, -3.27661, 2.2943, 0, 3.83333, 0.211325)
mesh = SubResource("CapsuleMesh_d4sun")
skeleton = NodePath("../../../..")

[node name="dead_gem20" type="Node3D" parent="165_corpse/33_corpses"]
transform = Transform3D(0.708032, 0.330195, -0.62423, 0.307579, 0.651507, 0.693494, 0.635678, -0.683016, 0.359727, 4.8, -0.5, -5.4)

[node name="outer_gem" type="MeshInstance3D" parent="165_corpse/33_corpses/dead_gem20"]
transform = Transform3D(4, 0, 0, 0, 2.2943, 3.27661, 0, -3.27661, 2.2943, 0, 3.83333, 0.211325)
mesh = SubResource("CapsuleMesh_861ka")
skeleton = NodePath("../../../..")

[node name="inner_gem" type="MeshInstance3D" parent="165_corpse/33_corpses/dead_gem20"]
transform = Transform3D(4, 0, 0, 0, 2.2943, 3.27661, 0, -3.27661, 2.2943, 0, 3.83333, 0.211325)
mesh = SubResource("CapsuleMesh_d4sun")
skeleton = NodePath("../../../..")

[node name="dead_gem21" type="Node3D" parent="165_corpse/33_corpses"]
transform = Transform3D(0.576304, 0.767645, -0.280351, -0.0876446, 0.399125, 0.912698, 0.812522, -0.50142, 0.297297, 6.8, 2.5, -2.4)

[node name="outer_gem" type="MeshInstance3D" parent="165_corpse/33_corpses/dead_gem21"]
transform = Transform3D(4, 0, 0, 0, 2.2943, 3.27661, 0, -3.27661, 2.2943, 0, 3.83333, 0.211325)
mesh = SubResource("CapsuleMesh_861ka")
skeleton = NodePath("../../../..")

[node name="inner_gem" type="MeshInstance3D" parent="165_corpse/33_corpses/dead_gem21"]
transform = Transform3D(4, 0, 0, 0, 2.2943, 3.27661, 0, -3.27661, 2.2943, 0, 3.83333, 0.211325)
mesh = SubResource("CapsuleMesh_d4sun")
skeleton = NodePath("../../../..")

[node name="dead_gem30" type="Node3D" parent="165_corpse/33_corpses"]
transform = Transform3D(0.426456, 0.843053, -0.327717, -0.0876446, 0.399125, 0.912698, 0.900252, -0.360503, 0.244098, 9.6, -0.6, 1.2)

[node name="outer_gem" type="MeshInstance3D" parent="165_corpse/33_corpses/dead_gem30"]
transform = Transform3D(4, 0, 0, 0, 2.2943, 3.27661, 0, -3.27661, 2.2943, 0, 3.83333, 0.211325)
mesh = SubResource("CapsuleMesh_861ka")
skeleton = NodePath("../../../..")

[node name="inner_gem" type="MeshInstance3D" parent="165_corpse/33_corpses/dead_gem30"]
transform = Transform3D(4, 0, 0, 0, 2.2943, 3.27661, 0, -3.27661, 2.2943, 0, 3.83333, 0.211325)
mesh = SubResource("CapsuleMesh_d4sun")
skeleton = NodePath("../../../..")

[node name="dead_gem31" type="Node3D" parent="165_corpse/33_corpses"]
transform = Transform3D(0.708642, 0.668911, -0.224467, -0.0876446, 0.399125, 0.912698, 0.700104, -0.627103, 0.341463, 7.6, -0.6, -6)

[node name="outer_gem" type="MeshInstance3D" parent="165_corpse/33_corpses/dead_gem31"]
transform = Transform3D(4, 0, 0, 0, 2.2943, 3.27661, 0, -3.27661, 2.2943, 0, 3.83333, 0.211325)
mesh = SubResource("CapsuleMesh_861ka")
skeleton = NodePath("../../../..")

[node name="inner_gem" type="MeshInstance3D" parent="165_corpse/33_corpses/dead_gem31"]
transform = Transform3D(4, 0, 0, 0, 2.2943, 3.27661, 0, -3.27661, 2.2943, 0, 3.83333, 0.211325)
mesh = SubResource("CapsuleMesh_d4sun")
skeleton = NodePath("../../../..")

[node name="dead_gem32" type="Node3D" parent="165_corpse/33_corpses"]
transform = Transform3D(0.859658, -0.432608, 0.271732, -0.0876446, 0.399125, 0.912698, -0.503295, -0.808425, 0.305195, 0.6, 2.4, -5)

[node name="outer_gem" type="MeshInstance3D" parent="165_corpse/33_corpses/dead_gem32"]
transform = Transform3D(4, 0, 0, 0, 2.2943, 3.27661, 0, -3.27661, 2.2943, 0, 3.83333, 0.211325)
mesh = SubResource("CapsuleMesh_861ka")
skeleton = NodePath("../../../..")

[node name="inner_gem" type="MeshInstance3D" parent="165_corpse/33_corpses/dead_gem32"]
transform = Transform3D(4, 0, 0, 0, 2.2943, 3.27661, 0, -3.27661, 2.2943, 0, 3.83333, 0.211325)
mesh = SubResource("CapsuleMesh_d4sun")
skeleton = NodePath("../../../..")

[node name="dead_gem33" type="Node3D" parent="165_corpse/33_corpses"]
transform = Transform3D(0.453361, -0.649022, 0.61093, -0.212214, 0.587109, 0.781197, -0.865696, -0.483813, 0.128441, -2.4, 0.4, -3)

[node name="outer_gem" type="MeshInstance3D" parent="165_corpse/33_corpses/dead_gem33"]
transform = Transform3D(4, 0, 0, 0, 2.2943, 3.27661, 0, -3.27661, 2.2943, 0, 3.83333, 0.211325)
mesh = SubResource("CapsuleMesh_861ka")
skeleton = NodePath("../../../..")

[node name="inner_gem" type="MeshInstance3D" parent="165_corpse/33_corpses/dead_gem33"]
transform = Transform3D(4, 0, 0, 0, 2.2943, 3.27661, 0, -3.27661, 2.2943, 0, 3.83333, 0.211325)
mesh = SubResource("CapsuleMesh_d4sun")
skeleton = NodePath("../../../..")

[node name="33_corpses2" type="Node3D" parent="165_corpse"]
transform = Transform3D(-0.126826, -0.612372, -0.78033, 0.353553, 0.707107, -0.612372, 0.926777, -0.353553, 0.126827, -7, 0, -12)

[node name="dead_gem" type="Node3D" parent="165_corpse/33_corpses2"]
transform = Transform3D(0.707107, -0.353553, 0.612372, 0, 0.866025, 0.5, -0.707107, -0.353553, 0.612372, 12, -2, 12)

[node name="outer_gem" type="MeshInstance3D" parent="165_corpse/33_corpses2/dead_gem"]
transform = Transform3D(4, 0, 0, 0, 2.2943, 3.27661, 0, -3.27661, 2.2943, 0, 3.83333, 0.211325)
mesh = SubResource("CapsuleMesh_861ka")
skeleton = NodePath("../../../..")

[node name="inner_gem" type="MeshInstance3D" parent="165_corpse/33_corpses2/dead_gem"]
transform = Transform3D(4, 0, 0, 0, 2.2943, 3.27661, 0, -3.27661, 2.2943, 0, 3.83333, 0.211325)
mesh = SubResource("CapsuleMesh_d4sun")
skeleton = NodePath("../../../..")

[node name="dead_gem2" type="Node3D" parent="165_corpse/33_corpses2"]
transform = Transform3D(0.866025, 0.25, -0.433013, 0, 0.866025, 0.5, 0.5, -0.433013, 0.75, -7, -2, 11)

[node name="outer_gem" type="MeshInstance3D" parent="165_corpse/33_corpses2/dead_gem2"]
transform = Transform3D(4, 0, 0, 0, 2.2943, 3.27661, 0, -3.27661, 2.2943, 0, 3.83333, 0.211325)
mesh = SubResource("CapsuleMesh_861ka")
skeleton = NodePath("../../../..")

[node name="inner_gem" type="MeshInstance3D" parent="165_corpse/33_corpses2/dead_gem2"]
transform = Transform3D(4, 0, 0, 0, 2.2943, 3.27661, 0, -3.27661, 2.2943, 0, 3.83333, 0.211325)
mesh = SubResource("CapsuleMesh_d4sun")
skeleton = NodePath("../../../..")

[node name="dead_gem3" type="Node3D" parent="165_corpse/33_corpses2"]
transform = Transform3D(0.56565, -0.360458, -0.741694, 0.353553, 0.918559, -0.176777, 0.74501, -0.162235, 0.647024, 10, -2, 15.4)

[node name="outer_gem" type="MeshInstance3D" parent="165_corpse/33_corpses2/dead_gem3"]
transform = Transform3D(4, 0, 0, 0, 2.2943, 3.27661, 0, -3.27661, 2.2943, 0, 3.83333, 0.211325)
mesh = SubResource("CapsuleMesh_861ka")
skeleton = NodePath("../../../..")

[node name="inner_gem" type="MeshInstance3D" parent="165_corpse/33_corpses2/dead_gem3"]
transform = Transform3D(4, 0, 0, 0, 2.2943, 3.27661, 0, -3.27661, 2.2943, 0, 3.83333, 0.211325)
mesh = SubResource("CapsuleMesh_d4sun")
skeleton = NodePath("../../../..")

[node name="dead_gem4" type="Node3D" parent="165_corpse/33_corpses2"]
transform = Transform3D(0.902667, 0.105213, 0.417279, 0.0476997, 0.939215, -0.339999, -0.427687, 0.32681, 0.842781, 0.2, 3, 2.5)

[node name="outer_gem" type="MeshInstance3D" parent="165_corpse/33_corpses2/dead_gem4"]
transform = Transform3D(4, 0, 0, 0, 2.2943, 3.27661, 0, -3.27661, 2.2943, 0, 3.83333, 0.211325)
mesh = SubResource("CapsuleMesh_861ka")
skeleton = NodePath("../../../..")

[node name="inner_gem" type="MeshInstance3D" parent="165_corpse/33_corpses2/dead_gem4"]
transform = Transform3D(4, 0, 0, 0, 2.2943, 3.27661, 0, -3.27661, 2.2943, 0, 3.83333, 0.211325)
mesh = SubResource("CapsuleMesh_d4sun")
skeleton = NodePath("../../../..")

[node name="dead_gem22" type="Node3D" parent="165_corpse/33_corpses2"]
transform = Transform3D(-0.940703, 0.156693, 0.300875, 0.0476997, 0.939215, -0.339999, -0.335862, -0.305486, -0.890997, 1.2, 3, 0.499999)

[node name="outer_gem" type="MeshInstance3D" parent="165_corpse/33_corpses2/dead_gem22"]
transform = Transform3D(4, 0, 0, 0, 2.2943, 3.27661, 0, -3.27661, 2.2943, 0, 3.83333, 0.211325)
mesh = SubResource("CapsuleMesh_861ka")
skeleton = NodePath("../../../..")

[node name="inner_gem" type="MeshInstance3D" parent="165_corpse/33_corpses2/dead_gem22"]
transform = Transform3D(4, 0, 0, 0, 2.2943, 3.27661, 0, -3.27661, 2.2943, 0, 3.83333, 0.211325)
mesh = SubResource("CapsuleMesh_d4sun")
skeleton = NodePath("../../../..")

[node name="dead_gem23" type="Node3D" parent="165_corpse/33_corpses2"]
transform = Transform3D(0.0462512, -0.178942, 0.982772, 0.081782, 0.9812, 0.174807, -0.995576, 0.0722879, 0.060016, 6.2, 3, 2.5)

[node name="outer_gem" type="MeshInstance3D" parent="165_corpse/33_corpses2/dead_gem23"]
transform = Transform3D(4, 0, 0, 0, 2.2943, 3.27661, 0, -3.27661, 2.2943, 0, 3.83333, 0.211325)
mesh = SubResource("CapsuleMesh_861ka")
skeleton = NodePath("../../../..")

[node name="inner_gem" type="MeshInstance3D" parent="165_corpse/33_corpses2/dead_gem23"]
transform = Transform3D(4, 0, 0, 0, 2.2943, 3.27661, 0, -3.27661, 2.2943, 0, 3.83333, 0.211325)
mesh = SubResource("CapsuleMesh_d4sun")
skeleton = NodePath("../../../..")

[node name="dead_gem24" type="Node3D" parent="165_corpse/33_corpses2"]
transform = Transform3D(0.949682, -0.0235112, -0.312331, 0.081782, 0.9812, 0.174807, 0.302349, -0.191554, 0.933752, 8.2, -1, 2.5)

[node name="outer_gem" type="MeshInstance3D" parent="165_corpse/33_corpses2/dead_gem24"]
transform = Transform3D(4, 0, 0, 0, 2.2943, 3.27661, 0, -3.27661, 2.2943, 0, 3.83333, 0.211325)
mesh = SubResource("CapsuleMesh_861ka")
skeleton = NodePath("../../../..")

[node name="inner_gem" type="MeshInstance3D" parent="165_corpse/33_corpses2/dead_gem24"]
transform = Transform3D(4, 0, 0, 0, 2.2943, 3.27661, 0, -3.27661, 2.2943, 0, 3.83333, 0.211325)
mesh = SubResource("CapsuleMesh_d4sun")
skeleton = NodePath("../../../..")

[node name="dead_gem25" type="Node3D" parent="165_corpse/33_corpses2"]
transform = Transform3D(-0.457733, -0.118824, 0.881114, 0.081782, 0.9812, 0.174807, -0.88532, 0.152074, -0.439411, 11.2, -1, 6.5)

[node name="outer_gem" type="MeshInstance3D" parent="165_corpse/33_corpses2/dead_gem25"]
transform = Transform3D(4, 0, 0, 0, 2.2943, 3.27661, 0, -3.27661, 2.2943, 0, 3.83333, 0.211325)
mesh = SubResource("CapsuleMesh_861ka")
skeleton = NodePath("../../../..")

[node name="inner_gem" type="MeshInstance3D" parent="165_corpse/33_corpses2/dead_gem25"]
transform = Transform3D(4, 0, 0, 0, 2.2943, 3.27661, 0, -3.27661, 2.2943, 0, 3.83333, 0.211325)
mesh = SubResource("CapsuleMesh_d4sun")
skeleton = NodePath("../../../..")

[node name="dead_gem5" type="Node3D" parent="165_corpse/33_corpses2"]
transform = Transform3D(-0.577936, 0.303575, 0.757517, 0.0476997, 0.939215, -0.339999, -0.814687, -0.160364, -0.557287, 3.2, 3, -2.5)

[node name="outer_gem" type="MeshInstance3D" parent="165_corpse/33_corpses2/dead_gem5"]
transform = Transform3D(4, 0, 0, 0, 2.2943, 3.27661, 0, -3.27661, 2.2943, 0, 3.83333, 0.211325)
mesh = SubResource("CapsuleMesh_861ka")
skeleton = NodePath("../../../..")

[node name="inner_gem" type="MeshInstance3D" parent="165_corpse/33_corpses2/dead_gem5"]
transform = Transform3D(4, 0, 0, 0, 2.2943, 3.27661, 0, -3.27661, 2.2943, 0, 3.83333, 0.211325)
mesh = SubResource("CapsuleMesh_d4sun")
skeleton = NodePath("../../../..")

[node name="dead_gem6" type="Node3D" parent="165_corpse/33_corpses2"]
transform = Transform3D(0.12113, -0.185504, 0.975149, 0.125013, 0.977412, 0.170406, -0.984733, 0.101265, 0.141584, 3.2, 1, -0.100001)

[node name="outer_gem" type="MeshInstance3D" parent="165_corpse/33_corpses2/dead_gem6"]
transform = Transform3D(4, 0, 0, 0, 2.2943, 3.27661, 0, -3.27661, 2.2943, 0, 3.83333, 0.211325)
mesh = SubResource("CapsuleMesh_861ka")
skeleton = NodePath("../../../..")

[node name="inner_gem" type="MeshInstance3D" parent="165_corpse/33_corpses2/dead_gem6"]
transform = Transform3D(4, 0, 0, 0, 2.2943, 3.27661, 0, -3.27661, 2.2943, 0, 3.83333, 0.211325)
mesh = SubResource("CapsuleMesh_d4sun")
skeleton = NodePath("../../../..")

[node name="dead_gem7" type="Node3D" parent="165_corpse/33_corpses2"]
transform = Transform3D(0.387465, 0.110019, -0.915296, 0.125013, 0.977412, 0.170406, 0.913369, -0.18045, 0.364959, -5.8, 1, -0.100001)

[node name="outer_gem" type="MeshInstance3D" parent="165_corpse/33_corpses2/dead_gem7"]
transform = Transform3D(4, 0, 0, 0, 2.2943, 3.27661, 0, -3.27661, 2.2943, 0, 3.83333, 0.211325)
mesh = SubResource("CapsuleMesh_861ka")
skeleton = NodePath("../../../..")

[node name="inner_gem" type="MeshInstance3D" parent="165_corpse/33_corpses2/dead_gem7"]
transform = Transform3D(4, 0, 0, 0, 2.2943, 3.27661, 0, -3.27661, 2.2943, 0, 3.83333, 0.211325)
mesh = SubResource("CapsuleMesh_d4sun")
skeleton = NodePath("../../../..")

[node name="dead_gem8" type="Node3D" parent="165_corpse/33_corpses2"]
transform = Transform3D(0.984733, -0.101265, -0.141584, 0.125013, 0.977412, 0.170406, 0.12113, -0.185504, 0.975149, -15.8, -2, 9.9)

[node name="outer_gem" type="MeshInstance3D" parent="165_corpse/33_corpses2/dead_gem8"]
transform = Transform3D(4, 0, 0, 0, 2.2943, 3.27661, 0, -3.27661, 2.2943, 0, 3.83333, 0.211325)
mesh = SubResource("CapsuleMesh_861ka")
skeleton = NodePath("../../../..")

[node name="inner_gem" type="MeshInstance3D" parent="165_corpse/33_corpses2/dead_gem8"]
transform = Transform3D(4, 0, 0, 0, 2.2943, 3.27661, 0, -3.27661, 2.2943, 0, 3.83333, 0.211325)
mesh = SubResource("CapsuleMesh_d4sun")
skeleton = NodePath("../../../..")

[node name="dead_gem9" type="Node3D" parent="165_corpse/33_corpses2"]
transform = Transform3D(0.646741, -0.288443, -0.706064, 0.0476997, 0.939215, -0.339999, 0.761216, 0.186212, 0.621188, -1.4, 4, 0.599999)

[node name="outer_gem" type="MeshInstance3D" parent="165_corpse/33_corpses2/dead_gem9"]
transform = Transform3D(4, 0, 0, 0, 2.2943, 3.27661, 0, -3.27661, 2.2943, 0, 3.83333, 0.211325)
mesh = SubResource("CapsuleMesh_861ka")
skeleton = NodePath("../../../..")

[node name="inner_gem" type="MeshInstance3D" parent="165_corpse/33_corpses2/dead_gem9"]
transform = Transform3D(4, 0, 0, 0, 2.2943, 3.27661, 0, -3.27661, 2.2943, 0, 3.83333, 0.211325)
mesh = SubResource("CapsuleMesh_d4sun")
skeleton = NodePath("../../../..")

[node name="dead_gem10" type="Node3D" parent="165_corpse/33_corpses2"]
transform = Transform3D(-0.995577, 0.072288, 0.060016, 0.0817821, 0.9812, 0.174807, -0.0462513, 0.178942, -0.982772, -1.4, 2, -3.4)

[node name="outer_gem" type="MeshInstance3D" parent="165_corpse/33_corpses2/dead_gem10"]
transform = Transform3D(4, 0, 0, 0, 2.2943, 3.27661, 0, -3.27661, 2.2943, 0, 3.83333, 0.211325)
mesh = SubResource("CapsuleMesh_861ka")
skeleton = NodePath("../../../..")

[node name="inner_gem" type="MeshInstance3D" parent="165_corpse/33_corpses2/dead_gem10"]
transform = Transform3D(4, 0, 0, 0, 2.2943, 3.27661, 0, -3.27661, 2.2943, 0, 3.83333, 0.211325)
mesh = SubResource("CapsuleMesh_d4sun")
skeleton = NodePath("../../../..")

[node name="dead_gem11" type="Node3D" parent="165_corpse/33_corpses2"]
transform = Transform3D(-0.30235, 0.191554, -0.933752, 0.0817821, 0.9812, 0.174807, 0.949682, -0.0235112, -0.312331, -7.4, -2, -8.4)

[node name="outer_gem" type="MeshInstance3D" parent="165_corpse/33_corpses2/dead_gem11"]
transform = Transform3D(4, 0, 0, 0, 2.2943, 3.27661, 0, -3.27661, 2.2943, 0, 3.83333, 0.211325)
mesh = SubResource("CapsuleMesh_861ka")
