[gd_scene load_steps=18 format=3 uid="uid://dnp37a43gamo6"]

[ext_resource type="Script" path="res://script/util/state/state_machine.gd" id="1_51oic"]
[ext_resource type="Script" path="res://script/grinder/boss_spinner.gd" id="1_e7753"]
[ext_resource type="Script" path="res://script/util/state/BossChase.gd" id="2_a7us7"]
[ext_resource type="Script" path="res://script/util/class/wheel_stats.gd" id="2_b31gf"]
[ext_resource type="AudioStream" uid="uid://w4jg2q3un5o3" path="res://audio/sfx/bounce.wav" id="2_tnwpy"]
[ext_resource type="Texture2D" uid="uid://ge4mu7x3pkk8" path="res://sprite/env/Horror_Metal_03-128x128.png" id="6_hjqlx"]
[ext_resource type="PackedScene" uid="uid://bjkmyvklh5di" path="res://object/weapons/bronzer.tscn" id="6_tm7t4"]
[ext_resource type="AudioStream" uid="uid://5qb8oqcyyy3k" path="res://audio/sfx/198985__kolczok__circ_saw-01.wav" id="7_fjmq4"]
[ext_resource type="Texture2D" uid="uid://fp4vnmefpim8" path="res://sprite/env/metal/Horror_Metal_12-128x128.png" id="8_i1s02"]

[sub_resource type="Resource" id="Resource_0j8l7"]
script = ExtResource("2_b31gf")
dash_cooldown = 8
_movespeed = 12.0
damage = 5.0
rot_speed = 10.0
stability = 20
dash_max_charge = 4
health = 500.0
bump_sound = ExtResource("2_tnwpy")

[sub_resource type="CylinderShape3D" id="CylinderShape3D_ymlrj"]
height = 1.37734
radius = 1.88417

[sub_resource type="StandardMaterial3D" id="StandardMaterial3D_cogx4"]
albedo_color = Color(0.258824, 0.117647, 0.298039, 1)
albedo_texture = ExtResource("6_hjqlx")
metallic = 0.79
metallic_specular = 0.59
uv1_scale = Vector3(2, 2, 2)

[sub_resource type="StandardMaterial3D" id="StandardMaterial3D_1k38f"]
albedo_color = Color(0.486275, 0.580392, 0.52549, 1)
albedo_texture = ExtResource("6_hjqlx")
uv1_triplanar = true

[sub_resource type="PrismMesh" id="PrismMesh_fhp5m"]
size = Vector3(1.2, 1.8, 0.5)

[sub_resource type="StandardMaterial3D" id="StandardMaterial3D_js0t3"]
albedo_color = Color(0.541176, 1, 0.862745, 1)
albedo_texture = ExtResource("8_i1s02")
metallic = 1.0
metallic_specular = 0.36

[sub_resource type="SphereShape3D" id="SphereShape3D_og54v"]
radius = 2.0

[sub_resource type="SphereShape3D" id="SphereShape3D_tr0d1"]
radius = 1.72289

[node name="opponent_wheel" type="CharacterBody3D" groups=["BossEnem"]]
collision_layer = 33
script = ExtResource("1_e7753")
stats = SubResource("Resource_0j8l7")

[node name="col_body" type="CollisionShape3D" parent="."]
transform = Transform3D(1, 0, 0, 0, 1, 0, 0, 0, 1, 0, 0.677951, 0)
shape = SubResource("CylinderShape3D_ymlrj")

[node name="state_machine" type="Node" parent="." node_paths=PackedStringArray("init_state")]
script = ExtResource("1_51oic")
init_state = NodePath("pursuit")

[node name="pursuit" type="Node" parent="state_machine" node_paths=PackedStringArray("enem")]
script = ExtResource("2_a7us7")
enem = NodePath("../..")

[node name="spin_root" type="Node3D" parent="."]

[node name="CSGTorus3D" type="CSGTorus3D" parent="spin_root"]
transform = Transform3D(1, 0, 0, 0, 0.999194, -0.0401318, 0, 0.0401318, 0.999194, 0, 0.681713, 0)
inner_radius = 0.279
outer_radius = 2.08154
sides = 9
ring_sides = 8
material = SubResource("StandardMaterial3D_cogx4")

[node name="weapon" parent="spin_root" instance=ExtResource("6_tm7t4")]
transform = Transform3D(18, 0, 0, 0, 17.9855, -0.722374, 0, 0.722374, 17.9855, 0, 1.02202, 0)

[node name="CSGCylinder3D" type="CSGCylinder3D" parent="spin_root"]
transform = Transform3D(1, 0, 0, 0, 0.999211, -0.0397132, 0, 0.0397132, 0.999211, 0, 1.92171, -0.0274796)
radius = 0.110892
material = SubResource("StandardMaterial3D_1k38f")

[node name="CSGCylinder3D2" type="CSGCylinder3D" parent="spin_root"]
transform = Transform3D(0.34202, -0.0373182, -0.938951, 1.6131e-09, 0.999211, -0.0397132, 0.939693, 0.0135827, 0.34175, 0, 0.688982, -0.0170895)
radius = 1.00586
height = 1.98095
sides = 9
material = SubResource("StandardMaterial3D_1k38f")

[node name="CSGMesh3D" type="CSGMesh3D" parent="spin_root"]
transform = Transform3D(-2.98023e-08, 1, -1.13133e-08, 4.2222e-08, 1.13133e-08, 1, 1, -1.49012e-08, -4.2222e-08, 1.89493, 1, 0)
mesh = SubResource("PrismMesh_fhp5m")
material = SubResource("StandardMaterial3D_js0t3")

[node name="CSGMesh3D2" type="CSGMesh3D" parent="spin_root"]
transform = Transform3D(-5.76204e-08, -1, 1.13133e-08, 4.2222e-08, 1.13133e-08, 1, -1, 1.02324e-07, 4.2222e-08, -1.90507, 1, 0)
mesh = SubResource("PrismMesh_fhp5m")
material = SubResource("StandardMaterial3D_js0t3")

[node name="CSGMesh3D3" type="CSGMesh3D" parent="spin_root"]
transform = Transform3D(-0.866025, 0.5, 3.09086e-08, 4.2222e-08, 1.13133e-08, 1, 0.5, 0.866025, -3.09086e-08, 1.09493, 1, 1.9)
mesh = SubResource("PrismMesh_fhp5m")
material = SubResource("StandardMaterial3D_js0t3")

[node name="CSGMesh3D4" type="CSGMesh3D" parent="spin_root"]
transform = Transform3D(0.866025, 0.5, -4.2222e-08, 4.2222e-08, 1.13133e-08, 1, 0.5, -0.866026, -1.13133e-08, 1.09493, 1, -1.9)
mesh = SubResource("PrismMesh_fhp5m")
material = SubResource("StandardMaterial3D_js0t3")

[node name="CSGMesh3D5" type="CSGMesh3D" parent="spin_root"]
transform = Transform3D(-0.866025, -0.5, 4.2222e-08, 4.2222e-08, 1.13133e-08, 1, -0.5, 0.866025, 1.13133e-08, -1.10507, 1, 1.9)
mesh = SubResource("PrismMesh_fhp5m")
material = SubResource("StandardMaterial3D_js0t3")

[node name="CSGMesh3D6" type="CSGMesh3D" parent="spin_root"]
transform = Transform3D(0.866025, -0.5, -3.09086e-08, 4.2222e-08, 1.13133e-08, 1, -0.5, -0.866025, 3.09086e-08, -1.10507, 1, -1.9)
mesh = SubResource("PrismMesh_fhp5m")
material = SubResource("StandardMaterial3D_js0t3")

[node name="hurt_ball" type="Area3D" parent="."]
collision_layer = 2
collision_mask = 4
monitoring = false

[node name="hurt_radius" type="CollisionShape3D" parent="hurt_ball"]
transform = Transform3D(1, 0, 0, 0, 1, 0, 0, 0, 1, 0, 1, 0)
shape = SubResource("SphereShape3D_og54v")

[node name="wheel_sfx" type="AudioStreamPlayer3D" parent="."]
volume_db = 1.2
pitch_scale = 0.41
max_polyphony = 3

[node name="weapon" type="Area3D" parent="."]
transform = Transform3D(1, 0, 0, 0, 1, 0, 0, 0, 1, 0, 0.894349, 0)
visible = false
collision_layer = 8
collision_mask = 16
monitoring = false
monitorable = false

[node name="weapon_col" type="CollisionShape3D" parent="weapon"]
shape = SubResource("SphereShape3D_tr0d1")

[node name="boss_slice_sfx" type="AudioStreamPlayer3D" parent="weapon"]
stream = ExtResource("7_fjmq4")
volume_db = -3.404
pitch_scale = 1.06

[node name="_invuln_timer" type="Timer" parent="."]
wait_time = 2.0
one_shot = true
autostart = true

[node name="_stun_timer" type="Timer" parent="."]
wait_time = 3.0
one_shot = true

[node name="_invuln_saw_time" type="Timer" parent="."]
wait_time = 0.05
one_shot = true
autostart = true

[connection signal="cur_state" from="state_machine" to="." method="_on_state_machine_cur_state"]
[connection signal="area_entered" from="weapon" to="." method="_on_weapon_area_entered"]
[connection signal="timeout" from="_invuln_timer" to="." method="_on__invuln_timer_timeout"]
[connection signal="timeout" from="_stun_timer" to="." method="_on__stun_timer_timeout"]
[connection signal="timeout" from="_invuln_saw_time" to="." method="_on__invuln_saw_time_timeout"]
